1 -85.0841 8.118 9.777 1.000 -5.68264 -473.249 3.20913 5.32262 0.00000 0
2 -63.8806 8.046 12.152 0.333 -13.6569 -67.7778 10.1346 4.04631 24.6821 0
3 -49.8096 8.009 19.093 0.333 3.59793 -273.663 6.23393 2.31291 19.005 0
4 -44.0164 8.509 14.160 0.333 -12.8511 -149.136 9.94864 5.24934 15.7948 0
5 -49.2021 8.081 12.282 0.333 -9.80606 -197.373 6.48414 3.19358 15.7067 0
6 -51.3658 7.963 11.082 0.444 -3.39022 -370.39 16.3197 3.75888 25.9534 0
7 -55.8803 8.326 17.235 0.333 -18.7543 -144.096 8.21452 4.04426 21.9791 0
8 -70.5997 7.912 11.820 0.333 -5.0864 -339.222 15.3353 3.77213 25.6553 0
9 -61.0183 8.066 11.540 0.444 -1.83582 -357.495 14.4805 3.3808 25.6547 0
10 -58.5585 8.209 10.730 0.889 -17.3007 -227.087 3.67841 4.69207 8.56424 0
11 -69.3500 8.249 10.905 1.000 -16.2156 -350.604 8.71417 5.04573 10.1462 0
12 -49.3587 8.163 17.509 0.333 -4.78227 -317.208 73.9324 3.22601 15.6487 0
13 -39.6340 8.376 15.138 0.333 -18.8526 -160.752 84.23 4.14629 22.8458 0
14 -55.0609 9.473 19.747 0.222 -13.3626 -221.194 7.55604 3.77607 16.8432 0
15 -57.2494 8.581 14.907 0.333 -13.9486 -76.5914 6.19739 2.95675 16.2301 0
16 -45.4598 8.389 13.447 0.444 -15.8865 -100.111 49.3772 3.44775 20.2315 0
17 -44.1563 9.911 20.584 0.111 -14.3202 -203.842 4.66798 2.87682 20.5224 0
18 -43.9477 8.293 13.092 0.333 -12.8054 -41.4817 44.7908 3.34819 22.9598 0
19 -39.9409 7.997 14.597 0.222 3.74593 -285.736 12.8579 2.63516 16.4821 0
20 -46.0581 8.137 21.628 0.333 -7.01964 -214.279 63.0664 3.40892 19.3319 0
21 -30.3441 8.821 15.043 0.333 -13.5346 -97.1483 75.0878 4.48876 21.8606 0
22 -35.7163 8.540 15.978 0.333 -13.1258 -127.885 82.2726 3.74554 23.1793 0
23 -40.8689 8.039 20.641 0.444 -14.6564 -117.434 44.9736 2.44313 17.8724 0
24 -54.4384 8.611 14.121 0.444 -18.4975 -128.097 47.76 3.28063 23.6503 0
25 -45.8511 8.546 15.941 0.333 -17.6304 -38.7779 47.0392 2.78542 16.2459 0
26 -64.0834 8.596 25.628 0.667 -11.664 -311.327 14.6983 4.12698 24.3833 0
27 -50.1317 8.275 15.632 0.333 -17.1007 -96.9645 43.1146 4.12231 21.2315 0
28 -50.9945 8.552 13.927 0.333 -14.4129 -46.7731 85.2281 3.38327 16.9113 0
29 -50.8902 8.505 13.385 0.444 -13.6342 -138.336 54.6218 4.18842 16.1376 0
30 -42.2750 8.029 11.898 0.333 2.01892 -272.502 13.8966 2.6317 14.9289 0
31 -41.1380 8.822 15.333 0.333 -12.5805 -133.11 68.1074 5.27077 20.8998 9
32 -41.1380 9.223 18.593 0.222 -4.49421 -185.83 12.2074 5.34775 20.0974 0
33 -48.7245 8.900 16.198 0.222 -12.8401 -96.9246 6.01378 4.61888 19.0768 0
34 -21.0195 8.890 16.091 0.333 -13.6076 -98.5037 70.0084 5.07582 22.1125 0
35 -49.8112 8.655 15.426 0.333 -19.3221 -185.763 83.7477 4.52419 23.0684 3
36 -47.3561 8.922 19.951 0.222 -18.2991 -163.662 3.45005 4.18224 22.9773 0
37 -32.9073 8.644 15.032 0.333 -11.6799 -85.5217 89.8563 3.81669 17.8072 0
38 -64.3472 8.516 13.494 0.444 -20.6862 -147.092 38.7741 3.22122 23.4776 0
39 -45.9797 8.661 14.611 0.444 -11.7849 -161.374 7.79123 3.02745 13.5207 0
40 -36.7171 8.668 15.311 0.333 -15.9358 -117.852 62.7113 4.70536 22.2792 8
41 -22.5962 8.893 15.628 0.333 -14.2096 -64.3106 88.4754 3.81426 22.4106 4
42 -38.6624 9.139 16.980 0.222 -2.57018 -238.13 53.5584 3.76858 16.4318 0
43 -38.8202 9.734 32.378 0.000 -10.573 -174.463 7.16789 5.12011 22.7799 0
44 -37.7462 8.437 13.483 0.222 -13.0645 -79.9022 51.8502 3.72805 23.8795 0
45 -50.5794 8.412 13.337 0.333 -13.065 -71.2966 47.2042 3.125 23.2691 0
46 -43.7621 9.215 24.351 0.111 -6.18884 -261.64 7.7529 4.68989 17.0916 0
47 -50.5352 8.374 13.588 0.333 -5.61291 -216.635 57.7723 3.94858 17.5357 0
48 -68.3836 9.730 27.268 0.000 5.50654 -531.872 12.223 3.24228 31.1672 0
49 -51.3576 8.614 14.893 0.444 -15.9689 -95.2228 43.2195 3.76905 11.9832 0
50 -58.8990 8.881 26.029 0.667 -15.4067 -176.058 8.63091 4.65506 23.353 0
51 -34.5923 9.114 16.800 0.222 -0.621067 -253.336 40.0313 4.13118 16.4428 0
52 -37.3469 9.362 19.994 0.222 -11.5019 -180.345 13.6232 4.50818 19.161 0
53 -41.1390 8.042 20.757 0.444 0.657836 -283.586 66.7245 3.27416 13.928 0
54 -45.4183 8.593 14.345 0.333 -15.2938 -195.831 65.5535 4.02852 16.6799 0
55 -58.4354 9.175 18.072 0.222 -0.670952 -205.148 13.9077 5.92746 20.1766 0
56 -38.0427 8.653 15.033 0.333 -14.591 -103.452 84.575 3.97982 23.7074 0
57 -58.6435 9.731 24.561 0.000 0.397056 -358.817 10.1173 4.31803 21.4069 0
58 -55.8874 8.233 13.662 0.444 -18.6041 -93.5261 60.4703 3.8938 22.308 0
59 -38.8783 8.004 25.387 0.333 4.42558 -265.903 83.062 2.91403 19.048 0
60 -50.4282 9.361 21.614 0.333 -8.15397 -191.88 6.60791 3.71648 19.958 0
61 -48.6650 8.346 13.296 0.333 -9.07246 -191.594 88.1495 2.98838 15.1737 0
62 -43.7027 8.062 26.320 0.333 -16.6191 -145.328 44.985 2.29794 25.9121 0
63 -55.1687 8.529 14.206 0.333 -9.27295 -189.024 71.5424 4.0423 16.5748 0
64 -60.2070 9.681 22.560 0.000 -11.0351 -280.626 8.63072 4.84731 21.4558 0
65 -51.1531 9.562 18.379 0.222 -10.4311 -80.4602 6.82806 3.68517 17.789 0
66 -49.5836 9.438 25.722 0.222 -13.252 -98.1226 8.94982 2.27585 25.9295 0
67 -55.1520 8.730 26.047 0.778 -10.4633 -388.142 34.3822 5.53428 23.4411 0
68 -37.2975 8.060 18.703 0.333 -1.54019 -304.636 82.0321 3.86668 15.2513 0
69 -54.2673 8.742 17.096 0.333 -18.6545 -166.218 83.0196 4.34303 23.1353 1
70 -30.1276 8.147 20.925 0.444 -17.6586 -134.132 49.474 1.76889 17.5574 0
71 -30.5285 8.812 15.155 0.333 -12.3808 -60.3371 39.405 4.01423 22.1651 4
72 -53.1046 8.422 13.900 0.444 -18.871 -146.262 90.0084 4.70173 20.8792 0
73 -56.7223 8.756 17.694 0.333 -18.4888 -201.718 80.6741 4.35054 23.2826 1
74 -34.4595 9.092 16.175 0.222 3.56151 -258.377 57.732 4.03043 16.3669 0
75 -41.8424 8.489 14.306 0.333 -14.6605 -147.182 82.365 4.71254 18.2148 6
76 -59.0836 8.583 14.580 0.444 -21.0783 -165.934 47.0672 4.10248 23.3072 3
77 -41.3908 8.914 16.553 0.222 -12.2651 -96.9191 6.41596 4.28312 19.9466 0
78 -51.5536 8.598 18.631 0.778 -14.6637 -230.036 10.022 3.70663 21.0416 0
79 -56.5953 8.144 22.431 0.333 -3.01486 -321.75 85.7807 3.86981 17.5257 5
80 -32.2606 8.359 15.693 0.333 -16.6656 -117.573 116.821 4.16316 23.4023 0
81 -43.4134 8.031 11.243 0.444 -16.2583 -72.4772 40.9667 3.89653 24.5817 0
82 -47.0360 8.364 25.332 0.333 -10.7836 -101.531 56.6717 2.34437 23.148 0
83 -42.8221 8.435 13.614 0.333 -13.9648 -89.5414 41.8193 3.6437 15.2925 0
84 -56.9297 9.212 28.648 0.222 -15.9031 -237.121 13.0416 1.90591 26.8207 0
85 -60.8412 8.633 20.405 0.778 -14.9398 -266.365 8.81947 4.25775 20.6125 0
86 -55.1512 8.614 15.811 0.778 -13.6274 -260.563 14.1866 4.71326 20.8067 0
87 -50.3187 8.661 15.340 0.778 -17.8132 -160.225 27.25 3.84538 21.3535 0
88 -36.5057 8.393 15.111 0.444 -13.4793 -111.74 89.7523 3.79542 22.4031 0
89 -66.6163 9.456 19.031 0.222 -13.7588 -239.838 14.714 3.83936 15.9766 0
90 -56.0618 9.724 26.702 0.000 -15.3549 -181.402 3.67376 4.58885 25.1282 0
91 -48.0948 9.154 21.300 0.222 -9.47971 -23.6882 4.77278 2.14486 24.5481 0
92 -37.5254 8.601 21.428 0.778 -14.8871 -167.814 25.7075 3.70199 20.0749 0
93 -48.5097 9.396 25.998 0.333 -12.9008 -162.474 8.48963 3.3582 18.5451 0
94 -42.7449 8.616 22.767 0.778 -14.3746 -186.665 25.2092 4.09533 19.3584 0
95 -49.7335 8.539 14.739 0.222 -10.1831 -194.373 70.7555 3.54815 20.5947 0
96 -46.7096 9.159 18.473 0.222 -9.11691 -97.8665 4.3109 4.37143 20.5229 0
97 -45.4140 9.270 17.981 0.222 -10.884 -119.196 10.8778 5.26846 19.0795 0
98 -54.9910 8.520 13.486 0.333 -11.0688 -177.35 39.9654 4.60378 17.9354 0
99 -40.6420 8.316 13.172 0.333 -16.5101 -106.599 120.396 3.96048 20.5317 0
100 -41.6439 8.079 11.108 0.444 -9.41268 -253.179 45.2064 3.36511 24.2783 0
101 -46.7596 8.688 28.643 0.333 -13.8159 -205.15 37.9333 2.84709 24.4569 0
102 -64.3057 8.731 22.201 0.333 -10.8765 -149.222 9.07076 2.27072 24.2227 0
103 -51.5720 8.686 23.228 0.333 -10.5759 -164.698 8.10064 2.78918 23.9813 0
104 -33.4363 8.773 15.042 0.333 -15.3007 -104.66 69.0384 4.48864 21.1754 9
105 -51.7221 9.727 26.017 0.222 -13.6383 -133.084 4.80871 2.66535 21.9126 7
106 -57.1068 9.513 18.930 0.222 -13.1484 -213.8 11.1791 3.79125 16.3705 0
107 -51.7224 8.447 14.032 0.333 -12.8921 -151.946 79.9152 5.02682 18.5687 6
108 -58.8123 9.545 21.611 0.000 -5.29202 -491.401 24.3534 4.70666 20.3007 0
109 -39.1893 9.302 18.012 0.222 -13.5361 -113.675 18.1838 6.02811 17.6342 0
110 -44.6458 8.350 15.497 0.333 -15.0799 -57.0029 110.134 3.36989 20.9383 0
111 -24.1566 8.968 15.921 0.333 -12.5354 -39.7695 78.3368 4.34106 22.1992 0
112 -35.8729 9.628 25.512 0.222 -17.5076 -79.222 4.61699 3.23987 21.7745 7
113 -33.0826 8.763 15.365 0.333 -12.7784 -57.8785 78.1691 3.72741 22.2192 4
114 -45.5026 8.443 14.805 0.222 -15.8092 -108.225 82.7875 4.40515 18.4542 0
115 -48.3521 8.788 16.684 0.333 -19.2235 -182.868 75.3705 4.26912 22.8097 0
116 -33.6698 9.332 17.954 0.222 -11.9863 -18.804 14.274 5.04844 17.5757 0
117 -54.0952 9.378 22.995 0.222 -12.5164 -115.382 10.596 4.35752 18.1553 0
118 -28.8623 8.849 28.844 0.333 -6.54332 -244.219 79.5696 2.86216 25.5437 0
119 -38.8874 9.373 26.440 0.111 -14.3506 -230.234 59.5959 4.00645 23.6646 0
120 -54.4368 9.312 23.836 0.222 -13.4184 -132.186 10.5924 4.86951 17.7943 0
121 -39.9200 8.054 19.790 0.444 -20.2843 -162.289 60.7875 2.80887 16.3084 0
122 -60.2697 9.255 26.612 0.444 -11.9736 -185.267 7.13599 3.20862 23.0588 0
123 -52.7034 9.204 18.122 0.222 -13.1121 -144.962 12.531 6.40197 18.5557 0
124 -51.8026 8.532 13.786 0.222 -14.1315 -74.1077 49.5103 3.05552 13.8099 0
125 -44.9444 9.887 20.676 0.111 -11.3988 -225.095 52.9513 3.42213 20.7021 0
126 -50.6397 8.396 15.459 0.333 -16.648 -108.949 90.4725 4.10354 21.5439 0
127 -40.6779 8.304 13.047 0.444 -15.6196 -101.308 125.506 3.81055 21.1918 0
128 -29.3560 9.045 16.187 0.333 -13.776 -93.3244 50.6862 5.31286 21.0247 0
129 -48.1408 8.338 14.066 0.333 -11.2291 -52.8046 42.51 3.23331 21.613 0
130 -32.7574 8.956 16.447 0.333 -15.0795 -75.7884 73.4087 3.98872 22.6519 0
131 -47.7844 8.437 13.281 0.444 -20.5072 -101.959 80.7631 3.87165 23.396 0
132 -34.3055 9.243 24.546 0.222 -15.5756 -196.179 45.7653 5.20475 15.2567 0
133 -45.0109 8.526 13.875 0.444 -18.6886 -101.714 84.2537 3.12396 15.2284 0
134 -26.0981 8.240 14.832 0.444 -9.11049 -99.7729 89.5919 4.16887 20.3478 10
135 -46.4782 9.224 21.223 0.333 -14.658 -132.597 10.1453 4.97001 24.5622 0
136 -42.8848 8.306 13.321 0.333 -19.7648 -113.768 104.156 4.27205 21.7272 0
137 -42.6262 8.292 12.001 0.444 -18.3613 -106.476 80.4605 2.78733 23.9086 0
138 -43.5892 8.077 22.887 0.333 -4.14136 -306.154 105.41 3.86586 17.9876 5
139 -47.9166 9.741 25.137 0.222 -14.4762 -137.17 6.46315 4.02741 21.9553 0
140 -46.8396 8.192 18.120 0.444 -3.28672 -303.351 88.6012 4.16413 13.4144 0
141 -48.4019 9.332 27.248 0.222 -16.105 -136.496 8.59509 2.54171 26.7085 0
142 -40.8127 9.867 20.830 0.111 -9.96351 -148.741 6.52814 5.10171 22.8981 0
143 -36.3550 8.329 13.282 0.333 -16.2415 -94.5118 81.4594 3.05844 23.5799 0
144 -43.2146 8.394 14.369 0.333 -14.1321 -54.8424 80.5017 2.49895 14.8446 0
145 -42.6155 8.388 13.220 0.444 -14.4887 -120.676 79.5187 3.33526 13.9418 0
146 -36.1455 8.385 14.295 0.444 -12.8685 -74.6811 92.4363 4.1863 20.3007 10
147 -35.6404 8.415 13.261 0.444 -16.1262 -90.0953 12.2465 3.28928 24.2357 0
148 -38.3997 8.058 11.054 0.444 -14.8434 -156.543 89.0052 3.61235 24.7391 0
149 -25.2019 8.424 13.535 0.333 -16.7247 -46.332 84.8646 2.6933 22.0853 0
150 -40.1771 8.003 26.102 0.444 -14.7549 -141.297 50.3321 2.34731 26.6452 0
151 -58.3951 9.285 25.210 0.444 -17.4037 -180.405 7.20287 4.61951 22.3056 0
152 -65.6241 9.276 25.771 0.444 -15.7863 -152.285 6.2222 4.35491 22.5133 0
153 -43.1018 8.349 13.407 0.444 -15.1071 -110.16 43.7043 3.25193 14.2962 0
154 -40.1651 8.233 25.734 0.333 -4.57149 -264.736 80.8742 2.40868 21.6601 0
155 -63.0178 9.295 28.445 0.222 -18.614 -234.44 51.6738 2.61417 24.6309 0
156 -38.3134 8.721 14.627 0.222 -12.2848 -77.4825 43.9698 4.26519 21.7733 0
157 -43.1431 8.958 17.550 0.222 -15.8128 -210.414 44.9207 5.24896 21.1972 2
158 -38.4264 9.044 29.920 0.333 -18.4774 -219.993 79.6696 3.72328 23.1508 0
159 -52.5092 9.352 19.511 0.333 -9.94952 -356.976 8.70219 4.05608 19.0118 0
160 -44.4345 8.815 15.487 0.333 -17.9084 -181.871 104.393 4.65682 22.29 8
161 -46.3950 8.898 17.547 0.222 -15.0095 -203.078 16.9402 4.97792 21.322 2
162 -51.4127 8.129 19.854 0.444 -5.99518 -313.622 83.9405 4.4859 13.7565 0
163 -53.5603 8.923 17.882 0.222 -16.4504 -168.746 15.1976 4.77371 21.3326 2
164 -45.1173 9.282 19.147 0.222 -9.25261 -153.757 47.7778 2.70949 15.6871 0
165 -49.6944 8.950 16.808 0.222 -11.1609 -136.095 48.7792 4.93535 19.617 0
166 -48.7046 8.357 13.401 0.333 -17.5635 -69.5306 85.2142 3.7025 13.8244 0
167 -45.8342 8.655 15.829 0.222 -8.74746 -65.0066 7.82835 3.21357 23.2247 0
168 -35.2034 8.835 16.170 0.333 -14.546 -103.651 105.662 3.59634 22.7112 0
169 -40.9609 8.216 19.283 0.444 -12.776 -233.232 81.1549 4.41195 16.5382 0
170 -40.6993 8.370 16.089 0.333 -17.4939 -121.309 122.292 3.96333 20.9208 0
171 -41.6622 8.998 28.990 0.333 -15.8872 -131.856 75.9751 3.26786 23.2766 0
172 -39.1848 8.865 16.234 0.222 -13.6569 -67.7778 10.1346 4.04631 20.87 0
173 -26.1424 8.885 15.894 0.333 -11.4141 -55.2882 87.9402 4.53442 22.3713 0
174 -52.3322 9.566 25.555 0.111 -13.8927 -188.224 41.8415 1.8485 19.1836 0
175 -49.4262 9.461 19.362 0.222 -9.20158 -345.701 49.8947 3.70943 16.2003 0
176 -44.1038 9.420 21.425 0.222 -12.9819 -310.468 53.6231 5.42396 19.3879 0
177 -60.8009 9.337 19.129 0.222 -12.0479 -324.728 49.4328 4.42981 16.4927 0
178 -39.1235 8.817 15.827 0.333 -15.7095 -102.868 105.586 3.32137 12.9241 0
179 -43.1248 8.783 18.586 0.333 -18.4557 -170.936 60.4105 4.4921 23.2043 1
180 -43.0180 8.459 15.611 0.333 -20.9999 -163.34 128.016 4.15132 22.3397 0
181 -40.2366 8.438 13.843 0.444 -13.4548 -159.024 16.5604 4.25086 17.8959 0
182 -26.7033 8.327 27.492 0.333 -14.2087 -205.231 70.7863 2.645 25.4955 0
183 -37.6546 8.153 13.755 0.333 -3.23256 -193.097 54.956 3.76783 19.1722 0
184 -63.0633 9.540 24.863 0.111 -13.8115 -193.154 28.7259 3.01127 18.3065 0
185 -43.3849 8.776 25.151 0.778 -15.4901 -145.088 43.9191 4.59298 22.9164 0
186 -32.5526 8.849 16.107 0.333 -13.037 -114.662 12.3601 4.61943 18.8274 0
187 -34.3595 8.313 13.159 0.333 -23.0724 -127.705 122.717 4.02876 21.0075 0
188 -39.6430 8.878 16.045 0.222 -12.6376 -112.628 87.9978 3.63351 12.842 0
189 -38.5434 8.231 18.966 0.444 -3.86945 -301.312 83.1201 3.95173 12.5064 0
190 -43.1628 8.987 17.467 0.222 -13.983 -209.401 42.4758 5.23391 21.5267 0
191 -49.4868 9.072 18.615 0.222 -11.1823 -237.305 44.2802 5.54586 21.3665 0
192 -55.7481 9.434 28.695 0.111 -16.6693 -270.741 5.49692 6.1423 21.7264 0
193 -50.0277 8.984 17.761 0.444 -6.73849 -293.04 8.16503 3.18078 20.1423 0
194 -55.7930 8.588 16.087 0.222 -12.3928 -94.0809 39.0006 4.59902 21.6444 0
195 -48.9427 9.156 18.673 0.222 -3.65877 -217.513 59.9396 4.97662 20.6376 0
196 -45.8720 8.970 16.477 0.222 -17.1934 -179.723 46.9222 5.4703 20.9555 0
197 -47.3486 9.881 24.172 0.111 -14.062 -172.753 4.76314 4.83985 23.1132 0
198 -49.8464 8.951 16.224 0.333 -9.86696 -115.843 11.3623 4.60694 19.2194 0
199 -45.0380 8.348 15.294 0.333 -19.0407 -120.742 120.971 4.04139 22.1811 0
200 -51.7416 8.715 16.142 0.333 -21.5345 -144.183 117.334 4.13793 22.9024 3
