1 -48.5817 8.245 24.001 0.667 -7.86018 -338.893 4.31225 3.88549 32.9757 0
2 265519.7555 66.717 105.278 0.000 -1.62289 -318.792 113.056 4.26433 154.813 0
3 -56.7220 7.292 9.511 0.778 -14.4976 -152.641 2.99464 4.46872 30.9159 0
4 -57.6949 7.856 21.759 0.667 1.57585 -452.525 6.9706 2.41611 18.0369 0
5 3518.6332 75.294 147.541 0.000 0 0 35187.1 -7.676741E-02 221.208 0
6 -65.3536 7.340 24.368 0.889 -8.42641 -441.109 3.78401 3.49599 21.1783 0
7 -65.2610 7.698 24.370 1.000 -14.4947 -404.897 5.69089 3.93131 25.6166 0
8 -43.0174 7.400 23.497 0.111 -16.3185 -129.425 67.813 3.85458 21.7852 0
9 -59.1199 8.040 19.323 0.000 -7.01437 -372.864 49.9769 5.47712 22.4328 0
10 -40.8130 7.671 16.427 0.000 -15.9197 -129.153 33.488 3.32052 21.9085 0
11 -71.9738 7.631 23.841 1.000 -19.3808 -411.439 4.57121 4.24004 24.3111 0
12 -70.1037 7.786 16.493 0.000 -12.0906 -300.536 48.5387 4.03149 23.3308 0
13 -39.9511 7.299 24.712 0.111 -14.2772 -220.312 76.8401 4.00604 21.7596 0
14 -76.3209 7.386 8.097 1.000 -15.0336 -437.808 3.0257 4.56682 0.00000 0
15 -57.2839 6.993 18.809 0.444 -11.1971 -277.065 48.8141 6.12745 22.4805 0
16 -51.3212 7.000 28.405 0.333 1.74007 -437.887 40.3857 4.39494 21.6672 0
17 159393.1402 87.925 129.952 0.000 0 0 1.593933E+06 -0.159771 193.198 0
18 -70.7096 7.675 26.284 0.889 -9.71951 -438.339 51.4725 3.31297 25.6621 0
19 -62.0426 7.427 8.407 1.000 -12.8466 -366.494 36.2175 4.62372 1.78198 0
20 -47.6632 7.577 27.595 0.111 -7.94637 -255.724 95.6528 2.2505 22.7095 0
21 -57.9046 7.181 8.293 1.000 -15.8112 -377.51 33.7429 5.41041 3.91531 0
22 -48.5557 7.004 19.204 0.444 -6.14254 -390.937 35.3176 4.0733 20.819 0
23 22318.1597 83.212 174.810 0.000 0 0 223180 0.159703 216.902 0
24 -52.1272 7.129 19.135 0.444 -14.09 -342.004 28.5136 6.23652 23.0021 0
25 -48.0766 7.256 29.396 0.667 -16.9033 -132.886 2.92104 5.89664 26.5885 0
26 -47.0282 7.873 14.346 0.222 10.0921 -334.116 1.09032 3.1412 24.8873 0
27 -57.2752 8.132 25.149 0.000 -7.26032 -329.061 50.1893 4.40248 27.3156 0
28 -47.0114 7.332 9.366 0.889 -16.0218 -138.671 9.15471 5.42226 15.8599 0
29 -55.8498 8.077 35.367 0.000 -4.8897 -243.462 59.6139 3.65683 23.1469 0
30 -37.0461 7.771 23.384 0.000 -9.99282 -56.9396 50.605 3.13113 21.9043 0
31 -44.1778 8.124 25.904 0.000 -11.8561 -52.4593 59.159 1.59759 22.9717 0
32 -54.1166 7.885 17.752 0.000 -20.4666 -209.889 111.235 2.68786 24.0796 0
33 -54.6269 7.093 24.691 0.111 -10.4665 -266.662 34.8814 5.31259 23.1672 0
34 -63.3693 7.523 26.305 0.889 -10.2904 -398.446 77.3661 4.11387 23.0835 0
35 -39.4587 7.607 8.823 0.889 -21.7932 -165.415 57.1577 4.23419 32.2686 0
36 642.0039 65.497 166.577 0.000 0 0 6423.86 -0.382113 212.699 0
37 -58.4670 7.710 8.928 0.778 -12.6767 -282.65 67.4558 2.92696 28.7517 0
38 -41.9966 7.481 26.592 0.889 -9.00558 -263.599 42.8941 2.86491 25.9711 0
39 -58.0296 7.677 26.641 1.000 -9.71463 -295.174 29.3245 4.35495 27.7455 0
40 -34.4954 8.317 18.961 0.000 -0.672651 -241.644 57.6436 1.82935 25.2414 0
41 -47.5224 7.412 10.516 0.889 -19.4396 -146.591 71.1333 4.14728 32.5139 0
42 -53.6846 7.447 29.264 0.778 -12.8435 -264.188 43.0776 5.82836 24.9513 0
43 -47.0108 7.235 19.000 0.667 -14.3879 -217.311 41.478 4.97706 28.6838 0
44 -53.1294 7.196 21.716 0.667 -12.2421 -180.494 46.3397 4.12863 20.6106 0
45 -41.2674 7.377 28.809 0.000 -12.2096 -282.768 90.2341 2.54531 19.5597 0
46 -42.2559 7.854 26.345 0.000 -12.8265 -23.4453 65.718 3.90889 17.8744 0
47 -39.3752 7.259 8.074 0.667 -11.1364 -176.649 44.927 3.54525 15.9469 0
48 -53.2927 8.160 18.690 0.000 -6.79456 -229.036 55.6223 4.45629 22.721 0
49 -56.9920 7.668 26.175 0.778 -12.7889 -315.134 65.0052 4.75509 20.5104 0
50 -44.7959 7.520 12.579 0.889 -13.8239 -281.821 52.0504 3.4961 14.2238 0
51 -42.0768 6.903 24.999 0.333 -14.464 -284.576 75.4463 5.85175 22.9776 0
52 -46.2208 7.398 28.899 0.889 -10.3917 -132.856 44.6649 6.11474 10.3955 0
53 -19.0905 7.729 21.803 0.000 -7.01792 -133.853 105.434 3.62485 20.1305 0
54 -40.2637 7.012 26.626 0.222 -4.47279 -430.718 119.632 5.08913 22.3876 0
55 -58.8119 7.165 28.485 0.556 -13.088 -151.176 33.3529 7.09157 25.6109 0
56 -59.5067 7.218 21.372 0.556 -13.1974 -260.708 44.8213 4.52344 14.919 0
57 5418.6299 85.678 216.216 0.000 0 0 54188.2 -0.190052 246.756 0
58 490927.4752 95.454 205.371 0.000 0 0 4.909274E+06 7.52368E-02 273.35 0
59 -49.0581 7.970 17.267 0.000 -2.75987 -377.208 121.458 5.16376 22.354 0
60 -55.7466 6.838 23.041 0.444 -10.3249 -370.895 47.9004 6.4124 22.2751 0
61 -65.4138 7.253 8.182 1.000 -18.9616 -289.477 67.5513 4.41965 25.3357 0
62 576.7166 57.937 120.558 0.000 0 0 5761.31 0.585645 181.601 0
63 -52.7654 7.850 29.824 0.000 -14.967 -155.996 58.8702 3.27276 21.3769 0
64 -52.2813 7.854 25.186 0.889 -16.3587 -314.354 75.5325 4.84407 26.0671 0
65 -45.4901 7.862 16.340 0.000 -19.4803 -128.115 118.225 2.18427 24.2016 0
66 -34.6856 8.153 31.025 0.000 -10.1784 -209.369 113.583 4.2959 21.4216 0
67 -49.2197 7.803 29.636 0.000 -12.3368 -65.4195 82.3308 2.97995 19.5897 0
68 -63.6780 7.780 28.553 0.778 -16.5427 -340.17 66.6629 4.88753 20.9162 0
69 -53.8134 8.152 19.749 0.778 -4.11795 -350.135 66.2499 4.23329 31.465 0
70 -56.0242 7.070 9.084 0.444 -8.92698 -367.721 56.1649 4.67709 21.6403 0
71 -50.0722 6.973 18.721 0.444 -18.1866 -302.538 71.003 6.59542 22.6132 0
72 -36.4094 7.160 22.446 0.444 -9.3778 -280.941 67.8244 6.43722 21.8769 0
73 -44.7043 7.263 29.863 0.000 -11.3679 -274.981 121.469 3.25276 20.0369 0
74 -43.4981 7.391 8.141 0.889 -19.9648 -185.571 40.649 5.42773 12.4244 0
75 -60.7935 7.404 18.980 0.667 -13.9609 -321.608 46.7183 5.16599 27.7171 0
76 -48.4902 7.351 19.688 0.333 -11.8847 -163.364 36.4914 5.0865 16.3631 0
77 -44.3734 7.021 24.065 0.222 -10.3681 -203.883 72.8002 5.92832 23.5087 0
78 -49.2120 7.469 27.594 0.778 -15.3044 -165.885 64.8183 2.80426 21.7129 0
79 -54.3724 7.179 29.503 0.111 -16.8704 -346.75 87.9261 3.18733 19.6844 0
80 -49.9500 7.867 31.339 0.000 -8.88461 -234.081 91.9917 3.52113 22.8151 0
81 -50.1588 7.674 23.244 0.000 -2.34704 -318.555 106.288 1.53067 19.737 0
82 1082791.1132 103.733 208.710 0.000 0 0 1.082791E+07 0.113178 283.108 0
83 -42.7075 6.999 23.766 0.444 -5.88552 -298.928 80.1888 5.83912 15.9076 0
84 -47.7956 7.440 19.755 0.889 -13.8564 -278.605 68.9435 3.30665 16.1008 0
85 -55.6160 7.811 25.968 0.667 -2.99224 -385.787 66.4635 2.75173 18.9721 0
86 -25.6374 7.634 27.580 0.333 -11.8117 -63.3685 37.614 1.41846 21.6875 0
87 -58.0645 7.338 8.744 1.000 -14.922 -337.207 64.1895 5.04389 3.66687 0
88 -57.1816 6.902 24.939 0.444 -10.4693 -422.135 85.7549 4.96807 24.2416 0
89 -67.4009 7.021 29.503 0.667 -13.9377 -274.609 42.9244 6.23278 13.4787 1
90 130416.2042 97.992 233.194 0.000 0 0 1.304161E+06 0.104163 247.807 0
91 -45.0940 7.352 11.254 0.778 -15.8253 -238.319 85.4849 3.49425 23.8681 0
92 -50.7626 6.883 30.154 0.667 -12.1328 -148.84 42.9208 5.35369 14.7289 0
93 -41.8652 6.969 23.385 0.444 -15.4551 -376.183 148.173 6.49126 23.2934 0
94 -72.6574 7.277 10.843 1.000 -12.6251 -423.703 61.1312 4.88219 3.57072 0
95 -49.2613 7.468 9.152 1.000 -14.7946 -154.53 47.9763 6.15621 22.5021 0
96 -42.9928 7.272 24.002 0.111 -8.91477 -334.65 131.058 5.0238 20.3778 0
97 -43.4061 7.026 19.951 0.444 -10.8461 -347.429 145.506 6.16923 23.2843 0
98 -37.8308 6.888 25.825 0.444 -14.6503 -256.446 119.401 6.25138 23.7437 0
99 -54.9873 7.243 26.140 0.778 -13.9887 -273.868 81.4807 4.9991 11.1667 0
100 -59.8658 7.377 8.493 1.000 -7.52171 -422.132 63.6092 4.46132 2.73917 0
101 -54.4551 7.939 27.870 0.778 5.51314 -489.823 71.8042 3.78881 25.2073 0
102 -58.6109 7.436 24.625 0.889 -7.32087 -441.983 100.677 3.52601 24.517 0
103 -62.1735 6.841 23.216 0.444 -8.92576 -258.637 106.421 4.8738 22.7528 0
104 -45.2712 7.628 25.965 0.000 -17.3905 -107.255 73.0145 1.95676 26.4407 0
105 -56.6206 7.006 21.951 0.444 -18.4408 -314.287 58.1949 6.10584 21.9114 0
106 -44.5395 7.226 30.407 0.667 -11.6253 -74.5842 47.5125 5.67205 26.858 0
107 -51.5426 6.932 27.250 0.444 -13.8337 -344.535 110.705 6.56175 23.6475 2
108 -42.8576 7.287 31.239 0.889 -14.9961 -280.453 47.7596 5.59315 14.8249 0
109 -26.8968 6.997 26.057 0.444 -10.5142 -191.129 80.6567 6.08271 23.5541 0
110 -45.0862 7.418 26.240 0.111 -18.441 -175.788 124.7 3.04063 20.6897 0
111 -57.1824 6.957 26.942 0.333 -15.3099 -349.491 122.208 6.19809 23.7089 2
112 -36.7886 7.071 26.472 0.444 -12.4711 -269.198 69.9321 6.63533 23.4475 0
113 -40.4463 7.401 29.532 0.889 -11.2016 -206.915 48.0797 4.54915 17.4344 0
114 -64.7110 7.303 10.211 0.889 -10.6216 -469.825 106.476 3.88971 6.10496 0
115 -57.5251 7.029 19.356 0.556 -14.6811 -416.514 77.3145 6.23885 22.5657 0
116 -55.4392 6.861 21.808 0.444 -13.3496 -377.982 118.316 5.71802 22.0901 0
117 -56.6466 6.993 21.133 0.333 -11.3666 -362.555 119.675 6.34497 22.4741 0
118 -40.4856 7.147 9.224 0.889 -19.1815 -192.965 78.6808 5.02844 11.3257 0
119 -43.1654 6.766 21.341 0.444 -15.9246 -299.953 104.459 5.9641 22.3918 0
120 -39.6755 6.920 23.017 0.444 -12.8106 -360.234 121.268 5.91839 22.5225 0
121 -64.2228 7.411 28.812 0.889 -15.1606 -367.326 71.9031 4.70785 23.4009 0
122 -56.4121 7.751 18.327 0.000 -6.2396 -377.387 91.3177 4.29973 19.449 0
123 -37.9780 7.265 23.743 0.111 -11.4569 -273.545 165.458 2.83145 21.5882 0
124 -47.5431 7.150 27.613 0.444 -1.7521 -367.217 114.367 5.26598 24.8143 0
125 -30.5900 7.820 21.778 0.000 -12.1423 -98.1885 79.2406 3.84798 20.4434 0
126 -35.9291 7.244 9.491 0.889 -16.814 -151.918 84.597 5.78601 20.3654 0
127 -54.1027 7.299 25.640 0.889 -15.9759 -312.248 67.1156 5.54297 26.1876 0
128 -35.1163 6.962 25.411 0.222 -13.1809 -332.439 117.502 6.31101 23.4571 0
129 -51.1988 7.199 28.794 0.667 -13.6575 -247.192 42.7965 7.52207 13.2458 0
130 -40.5796 6.999 16.264 0.333 -13.1603 -250.386 88.3391 4.42354 20.2853 0
131 -35.9447 7.080 21.553 0.333 -13.1609 -308.34 91.7176 6.76027 22.1646 0
132 -55.7166 7.228 26.159 0.778 -16.6922 -348.93 73.1922 5.69339 25.5798 0
133 -48.8543 7.006 24.835 0.444 -0.296369 -390.91 46.8869 4.79405 21.4115 0
134 -45.1268 7.216 9.367 0.778 -17.5401 -152.074 41.9737 4.92444 12.631 0
135 -47.2801 7.063 20.893 0.333 -13.7598 -374.745 132.227 7.01705 23.1048 0
136 -52.6863 7.079 29.334 0.778 -14.1629 -322.564 51.4938 6.83515 13.8034 0
137 -42.7316 7.126 24.623 0.222 -10.4384 -312.04 135.091 6.05712 23.5479 0
138 -56.3930 7.084 23.287 0.444 -12.4199 -375.207 82.8625 5.00752 24.3071 0
139 -41.7920 7.016 25.047 0.444 -12.1887 -304.032 77.5644 6.32018 23.63 3
140 -50.4245 7.361 29.033 0.889 -14.9859 -220.214 48.5941 5.73024 16.3569 0
141 -41.0408 7.276 22.516 0.778 -12.3544 -189.113 86.2749 4.34186 23.1554 0
142 -56.5814 6.907 12.206 0.556 -12.887 -413.659 39.3189 6.53649 15.9672 0
143 -49.6439 7.066 26.993 0.444 -14.1967 -281.716 84.0193 6.90993 23.7771 3
144 -44.7980 8.291 31.982 0.000 -18.4454 -177.657 94.6536 4.31263 23.1449 0
145 -38.8304 7.253 7.396 0.667 -11.2927 -150.22 98.8788 2.51561 20.3271 0
146 -51.5142 6.862 25.127 0.444 -11.8062 -286.928 61.7578 6.47625 22.7634 0
147 -46.1887 7.814 17.961 0.000 -15.172 -248.085 127.304 4.12334 21.6414 0
148 -44.5754 7.438 29.062 0.778 -12.9462 -76.8037 47.8806 6.00553 27.1953 0
149 -35.7955 7.676 6.865 0.889 -20.0115 -219.851 100.267 5.79582 20.0853 0
150 -32.4926 7.216 6.177 1.000 -17.3158 -113.476 92.0841 4.39606 16.8004 0
151 -53.3443 6.775 9.591 0.333 -0.793371 -365.696 74.6368 4.23909 19.464 0
152 -45.7070 7.090 11.956 0.556 -11.0881 -289.235 100.517 7.20881 19.5747 0
153 -45.7563 6.799 14.599 0.556 -1.33328 -443.289 107.778 4.4669 14.2959 0
154 -49.7184 7.060 5.295 0.667 -10.6237 -227.933 91.9994 4.15324 12.8856 0
155 -57.3249 6.951 20.159 0.556 -15.0802 -371.971 150.957 5.82438 22.1967 0
156 -56.6716 7.051 8.913 0.556 -1.62289 -318.792 113.056 4.26433 14.957 0
157 -44.8949 6.941 12.119 0.667 -15.6447 -281.833 70.0659 5.15224 20.5964 0
158 -51.6387 7.026 26.474 0.556 -6.18887 -263.704 85.0618 5.77474 13.1771 0
159 -47.5202 7.355 10.206 0.889 -13.8909 -315.569 86.9594 5.74441 22.502 0
160 -53.8218 7.111 27.468 0.778 -15.4188 -208.102 46.2076 7.08794 13.4983 0
161 -47.3888 7.339 12.648 0.889 -15.0846 -132.971 88.5036 4.84933 23.2083 0
162 -40.6677 7.069 28.859 0.556 -12.8811 -261.661 83.8131 5.5447 13.2781 1
163 -42.6922 6.919 20.119 0.333 -7.89251 -271.478 109.258 5.95014 18.3534 0
164 -35.3478 6.748 24.758 0.444 -8.32087 -336.45 113.982 5.70828 15.3532 0
165 -42.9233 7.379 10.255 0.889 -16.1891 -169.185 79.0682 4.79986 21.6672 0
166 -53.0405 7.116 28.700 0.556 -11.1247 -233.805 85.85 5.92649 14.0791 0
167 -51.6522 7.150 30.423 0.556 -17.0119 -195.999 103.304 7.12787 13.4828 0
168 -29.8771 7.419 26.180 0.111 -23.1804 -187.597 138.619 3.74914 20.6143 0
169 -47.1291 7.146 29.204 0.778 -14.8491 -193.763 48.5327 6.72291 14.1789 0
170 -33.9100 7.422 18.901 0.667 -15.5008 -231.974 61.6427 5.09109 26.8935 0
171 -49.4854 7.057 17.382 0.333 -7.45696 -373.976 105.129 5.48502 22.374 0
172 -44.1479 6.919 23.893 0.333 -11.9963 -293.516 170.28 6.50996 22.5353 0
173 -53.1805 6.910 20.022 0.444 -16.2485 -344.558 112.432 6.27939 22.4226 0
174 -39.3218 7.317 7.797 0.889 -14.8757 -118.887 97.6024 4.73727 21.2265 0
175 -41.8212 7.232 21.146 0.778 -6.39781 -319.846 131.766 4.18474 28.647 0
176 -52.2092 7.061 22.037 0.444 -14.7604 -375.979 100.315 6.49094 22.5569 0
177 -44.4174 7.552 21.326 0.667 -8.10339 -314.871 95.8613 5.34693 26.5244 0
178 -38.8931 7.021 11.671 0.444 -12.7513 -200.159 84.5649 4.36641 19.419 0
179 -52.5940 6.929 22.609 0.333 -9.71641 -334.53 61.8745 4.57062 21.8776 0
180 -46.4146 7.855 30.579 0.000 -4.34332 -271.534 133.43 2.74151 22.5738 0
181 -28.7796 7.538 17.000 0.222 -7.39161 -176.884 94.7896 4.07067 11.9819 0
182 -62.1258 7.219 29.179 0.667 -12.7836 -308.203 81.7413 5.661 13.248 0
183 -50.1814 7.074 24.882 0.333 -1.44835 -439.708 122.901 5.52851 21.6422 0
184 -57.1186 7.128 10.938 0.778 -22.4566 -159.984 52.0957 5.01665 11.4528 0
185 -33.0470 7.307 16.201 0.000 -5.17266 -54.9123 123.672 4.13035 23.535 0
186 -38.4962 6.889 9.102 0.556 -7.6564 -403.932 79.6522 4.86959 20.1295 0
187 -35.1483 7.357 27.765 0.778 -8.93529 -285.789 83.1802 4.87002 22.9134 0
188 -55.0588 7.243 9.538 0.889 -20.803 -251.161 56.8836 4.87284 6.8173 0
189 -25.7127 6.962 26.405 0.222 -11.1024 -274.803 150.546 5.53295 22.9876 0
190 -43.8304 7.236 24.543 0.778 -16.0725 -107.886 92.3094 5.56008 24.6781 0
191 -41.6579 7.584 9.373 0.889 -12.6408 -104.806 100.903 5.29378 22.1599 0
192 -44.8898 7.381 29.545 0.889 -18.0875 -230.337 46.3404 5.62557 15.4811 0
193 -62.2511 7.219 9.463 1.000 -16.4675 -303.875 51.4324 5.04112 9.42378 0
194 7151.2743 63.173 159.979 0.000 0 0 71514 -0.125703 160.396 0
195 -42.3911 7.134 7.899 0.889 -16.1809 -181.91 119.953 5.39551 20.6927 0
196 -30.0031 7.768 20.559 0.000 -12.7482 -125.557 137.08 4.75099 16.9527 0
197 -36.8055 7.010 17.226 0.556 -12.0358 -204.16 118.13 3.75733 17.1766 0
198 -47.5910 7.249 8.490 1.000 -24.4798 -330.836 114.584 4.76583 25.9423 0
199 -37.8435 7.510 8.587 0.889 -14.6684 -166.11 98.82 4.76039 21.8657 0
200 -39.1125 6.855 8.738 0.556 -15.5705 -168.678 124.254 3.93929 17.0991 0
