#Cluster Nstruc Einter sd Enb sd Evdw+0.1Eelec sd Evdw sd Eelec sd Eair sd Ecdih sd Ecoup sd Esani sd Evean sd Edani sd
file.nam_clust1    20  -766.42    52.18  -461.68    60.40   -57.42     5.82   -12.51     2.74  -449.17    61.25    69.29    32.89     0.00     0.00     0.00     0.00     0.00     0.00     0.00     0.00    0.000    0.000 
file.nam_clust2    13  -756.93    72.92  -312.29    32.49   -47.97     3.46   -18.60     1.47  -293.69    32.58    94.40    39.45     0.00     0.00     0.00     0.00     0.00     0.00     0.00     0.00    0.000    0.000 
file.nam_clust3    11  -651.43    38.27  -151.32    66.91   -30.67     6.77   -17.27     3.43  -134.06    67.69   117.15    28.39     0.00     0.00     0.00     0.00     0.00     0.00     0.00     0.00    0.000    0.000 
file.nam_clust4     7  -726.53    65.95  -253.87    24.84   -39.17     2.23   -15.31     2.23  -238.56    26.08    65.34    26.84     0.00     0.00     0.00     0.00     0.00     0.00     0.00     0.00    0.000    0.000 
file.nam_clust5     6  -665.80    55.60  -234.69    41.20   -35.37     2.67   -13.23     2.67  -221.46    43.33   158.07    20.27     0.00     0.00     0.00     0.00     0.00     0.00     0.00     0.00    0.000    0.000 
file.nam_clust6     5  -641.22    34.81  -218.61    10.96   -35.37     1.88   -15.01     1.25  -203.60    10.49    66.47    22.52     0.00     0.00     0.00     0.00     0.00     0.00     0.00     0.00    0.000    0.000 
file.nam_clust7     5  -757.48    53.19  -268.20    44.58   -38.65     4.86   -13.14     1.09  -255.06    44.25    87.39    31.82     0.00     0.00     0.00     0.00     0.00     0.00     0.00     0.00    0.000    0.000 
file.nam_clust8     5  -714.80    65.56  -188.30    35.75   -29.34     3.72   -11.68     1.16  -176.62    35.77   100.81    28.01     0.00     0.00     0.00     0.00     0.00     0.00     0.00     0.00    0.000    0.000 
file.nam_clust9     4  -671.47    79.51  -200.50    37.14   -35.74     6.33   -17.43     3.42  -183.07    34.71   100.98    34.13     0.00     0.00     0.00     0.00     0.00     0.00     0.00     0.00    0.000    0.000 
file.nam_clust10     4  -701.40    29.05  -300.68    36.08   -36.24     5.38    -6.86     2.64  -293.82    34.56   114.22    14.52     0.00     0.00     0.00     0.00     0.00     0.00     0.00     0.00    0.000    0.000 
