#Cluster #AIRviol sd #dihedviol sd #Coupviol sd #Saniviol sd #Veanviol sd #Daniviol sd
file.nam_clust1     1.55     0.86     0.00     0.00     0.00     0.00     0.00     0.00     0.00     0.00    0.000    0.000 
file.nam_clust2     1.77     0.89     0.00     0.00     0.00     0.00     0.00     0.00     0.00     0.00    0.000    0.000 
file.nam_clust3     2.73     0.75     0.36     0.77     0.00     0.00     0.00     0.00     0.00     0.00    0.000    0.000 
file.nam_clust4     1.43     0.73     0.00     0.00     0.00     0.00     0.00     0.00     0.00     0.00    0.000    0.000 
file.nam_clust5     4.17     0.69     0.67     0.74     0.00     0.00     0.00     0.00     0.00     0.00    0.000    0.000 
file.nam_clust6     1.40     0.49     0.00     0.00     0.00     0.00     0.00     0.00     0.00     0.00    0.000    0.000 
file.nam_clust7     2.20     0.75     0.00     0.00     0.00     0.00     0.00     0.00     0.00     0.00    0.000    0.000 
file.nam_clust8     2.40     0.80     0.00     0.00     0.00     0.00     0.00     0.00     0.00     0.00    0.000    0.000 
file.nam_clust9     2.75     1.09     0.25     0.43     0.00     0.00     0.00     0.00     0.00     0.00    0.000    0.000 
file.nam_clust10     3.25     0.83     0.00     0.00     0.00     0.00     0.00     0.00     0.00     0.00    0.000    0.000 
