1 -25.5934 13.543 23.090 0.250 -5.97225 -32.6391 11.0501 2.28081 33.2828 0
2 -38.3982 14.473 20.373 0.500 -11.0229 -309.306 103.4 5.63264 19.0613 0
3 -54.9272 16.745 31.023 0.000 -7.95611 -172.701 4.92799 5.60967 29.949 0
4 -48.6787 13.752 15.785 0.375 -3.77005 -217.267 48.0473 3.34719 23.0923 0
5 -64.2443 13.871 16.611 0.375 -6.11609 -434.468 33.863 4.76453 21.2103 0
6 -51.2239 13.782 19.369 0.375 -13.7389 -344.516 43.203 6.05939 18.1665 0
7 -49.0980 15.309 23.769 0.250 -3.72954 -300.244 41.3951 4.15305 21.5365 0
8 -51.0234 15.622 27.403 0.250 -18.6693 -202.748 84.4825 4.78347 20.2082 0
9 -47.1549 13.579 11.405 0.625 -11.5708 -256.917 63.7776 3.94184 27.2054 0
10 -54.5411 15.344 23.521 0.250 -10.579 -232.609 53.7785 4.09772 20.6603 0
11 -52.7268 13.492 11.671 0.625 -10.2621 -277.075 62.471 4.59369 29.9126 0
12 -41.7525 16.287 27.560 0.125 -5.57515 -199.971 58.2049 1.2864 28.3628 0
13 -50.1446 13.375 16.426 0.375 -10.1902 -157.573 54.7483 4.0998 23.994 0
14 -38.7887 15.915 28.362 0.250 -12.472 -188.405 50.0079 3.84811 27.1196 0
15 -45.6347 16.531 30.780 0.000 -17.7661 -164.615 76.9806 1.86543 29.4405 0
16 -35.3489 15.921 27.936 0.250 -14.3564 -214.528 50.9693 4.71027 25.7282 0
17 -48.7785 13.973 16.583 0.250 -9.3112 -290.676 91.6093 2.65758 13.0928 0
18 -59.4221 15.155 24.176 0.500 -9.97913 -221.705 43.6808 3.92989 15.6957 0
19 -43.4363 15.182 23.411 0.250 1.65055 -298.78 66.9378 4.01479 26.2483 0
20 -42.7673 15.643 27.799 0.125 -16.2036 -204.119 104.227 5.16229 18.9659 0
21 -59.0569 14.183 18.545 0.875 -13.3776 -122.592 43.6529 4.8471 10.0717 0
22 -28.4951 14.341 21.322 0.250 -0.811098 -296.73 137.505 3.02986 19.9074 0
23 -45.3478 16.950 34.387 0.000 -6.57754 -87.802 75.5157 3.56902 24.396 0
24 -52.1123 16.499 33.059 0.125 -10.5809 -79.4491 58.7128 3.2507 23.3001 0
25 -45.9442 14.254 19.642 0.375 -5.33174 -331.18 130.954 4.30689 19.1735 0
26 -46.9655 14.284 19.489 0.375 -10.48 -305.842 129.393 4.39298 16.3172 0
27 -39.8270 14.441 19.907 0.500 -18.658 -145.737 111.206 3.45731 20.1426 0
28 -48.9450 14.167 17.210 0.875 -8.04713 -260.46 53.6948 4.43349 14.9163 0
29 -39.6090 14.323 19.833 0.375 -8.79699 -330.916 147.78 4.11362 19.7435 0
30 -37.7002 15.521 28.351 0.250 -11.5375 -94.1661 52.4609 4.45738 19.4617 0
31 -47.3593 17.447 35.820 0.000 -7.6242 -312.62 64.2562 4.48486 25.5562 0
32 -45.4995 14.828 24.238 0.375 -10.0288 -101.5 105.492 3.6506 27.8777 0
33 -49.0404 13.846 22.361 0.500 -7.38051 -169.867 53.6077 3.60981 23.7783 0
34 -55.8484 13.571 19.827 0.625 -9.98494 -232.467 62.5475 4.42437 31.1147 0
35 -41.7176 14.170 18.885 0.875 -3.98418 -278.421 56.5692 5.7302 12.3252 0
36 -37.4757 17.466 33.857 0.000 -10.5911 -103.489 2.69424 3.19649 32.3837 0
37 -47.0106 14.138 17.582 0.875 -7.90539 -296.947 55.8018 6.13718 12.5437 1
38 -51.1836 14.284 18.038 0.875 -6.95729 -223.753 59.7829 5.06627 13.4329 0
39 -49.0049 16.520 28.726 0.000 -11.8936 -74.551 74.0821 1.0147 17.7942 0
40 -27.9887 15.640 24.735 0.250 -13.5718 -191.327 92.6924 5.50068 24.1803 0
41 -54.1992 15.296 23.518 0.375 -10.6883 -288.611 92.2683 4.10917 21.6486 0
42 -39.8680 15.572 26.262 0.250 -15.7874 -326.339 119.367 5.41369 24.602 0
43 -61.1102 13.648 20.150 0.500 -9.62512 -271.83 62.3639 3.6941 31.0473 0
44 -37.6275 15.952 29.304 0.250 -11.9533 -97.6347 100.715 3.18367 30.2359 0
45 -36.2842 14.123 18.096 0.375 -20.339 -255.925 113.532 4.16237 17.1036 0
46 -40.8724 15.666 26.719 0.250 -5.12837 -171.563 15.2095 6.10229 29.6377 0
47 -51.4651 14.256 19.952 0.500 -23.2561 -220.311 120.029 5.05998 17.4555 0
48 -45.1429 15.308 24.711 0.250 -12.8924 -230.071 79.3602 4.27662 18.6684 0
49 -46.1504 15.783 26.885 0.250 -11.632 -192.208 40.9785 4.00528 29.3389 0
50 -51.8397 15.398 25.854 0.250 -11.237 -188.782 45.4698 4.40203 27.0524 0
51 -38.1803 16.379 32.861 0.125 2.40571 -255.776 66.7903 3.12153 24.7635 0
52 -46.0168 14.384 16.161 0.875 -11.1772 -262.651 97.3908 4.37671 21.6323 0
53 -46.9288 15.260 24.777 0.375 -9.97908 -149.637 31.2409 4.32134 14.6617 0
54 -53.2573 13.782 22.542 0.750 -7.72799 -182.443 46.4451 6.01664 28.7514 0
55 -42.6328 15.962 25.233 0.250 -11.469 -96.394 91.9236 2.23427 13.2715 0
56 -64.1594 14.726 20.077 0.625 -4.80287 -207.945 57.5663 3.78873 14.0882 0
57 -48.4790 15.817 28.290 0.250 -16.957 -259.402 35.6926 5.19651 28.7141 0
58 -52.6474 15.417 24.090 0.250 -14.52 -237.883 105.028 6.13631 23.2632 0
59 -54.2382 13.804 14.687 0.750 -10.3799 -197.73 71.1224 4.05399 23.7375 0
60 -70.9793 13.615 19.217 0.625 -11.0131 -370.64 62.0095 6.37835 29.3821 0
61 -34.6493 16.437 28.125 0.125 -13.5998 -103.064 98.5196 1.39965 28.6889 0
62 -60.1114 13.659 19.385 0.625 -7.58334 -308.605 48.7523 6.79221 28.7533 0
63 -56.0545 14.310 19.644 0.375 -3.21103 -279.372 126.392 3.12739 17.8658 0
64 -34.2605 15.959 26.520 0.250 -9.60739 -215.87 78.0244 3.43348 27.0525 0
65 -51.8137 14.345 19.458 0.375 -8.96012 -324.63 137.075 4.67267 19.2495 0
66 -42.2078 15.514 24.451 0.375 -15.8929 -198.376 116.239 5.55347 21.299 0
67 -49.5896 15.445 26.649 0.250 -18.1818 -197.385 95.039 4.94002 21.71 0
68 -53.8264 14.427 24.291 0.625 -9.22104 -137.358 60.715 5.68565 27.2984 0
69 -28.3336 15.295 26.341 0.250 -10.7402 -35.1015 69.5535 3.2502 29.2204 0
70 -36.2513 14.270 19.791 0.250 -8.63034 -254.047 155.831 3.06584 16.7491 0
71 -59.6625 16.802 29.608 0.000 -15.7999 -40.432 111.827 2.17398 23.7671 0
72 -26.1631 15.272 24.688 0.250 -15.3645 -69.6208 153.179 2.85513 16.0595 0
73 -52.7469 14.181 17.794 0.500 -13.9682 -238.777 113.294 3.31604 13.8987 0
74 -43.9286 14.227 15.977 0.625 -5.37921 -300.482 96.6804 4.37724 2.94038 2
75 -49.6561 13.675 21.527 0.625 -14.2928 -252.444 76.8526 6.24154 28.8211 0
76 -54.3129 14.559 21.193 0.500 -7.77719 -331.296 97.3949 4.80906 25.6886 0
77 -41.0060 15.297 23.158 0.375 -12.1911 -122.554 104.052 3.90472 19.6068 0
78 -31.7400 15.802 27.359 0.250 -15.7844 -224.651 89.2115 6.528 29.1121 0
79 -39.0090 16.298 31.592 0.125 -10.3134 -121.62 82.4357 4.1008 29.0211 0
80 -48.1179 13.598 21.477 0.625 -9.23183 -154.256 79.9375 4.40051 30.0864 0
81 -35.1706 16.796 31.002 0.000 -9.93603 -137.599 35.8782 4.59145 21.1695 0
82 -47.3802 15.435 27.193 0.250 -7.58789 -269.761 56.8153 5.50817 26.8081 0
83 -58.9418 14.225 16.456 0.875 -3.1843 -304.584 97.5214 4.715 3.11492 0
84 -38.3692 15.778 27.364 0.250 -14.5902 -272.343 73.1818 6.23368 28.6236 0
85 -49.6530 14.497 18.703 0.875 -12.6178 -276.087 69.9163 6.12369 9.50525 0
86 -46.7630 13.774 21.898 0.875 -9.70886 -245.613 72.3955 6.59296 28.0951 0
87 -36.9744 15.733 27.013 0.250 -10.549 -272.199 137.184 3.84825 23.4995 0
88 -45.3312 15.005 23.969 0.625 -14.1678 -167.297 86.2996 6.38066 26.7163 0
89 -71.7971 14.121 15.652 1.000 -9.24311 -281.246 100.76 5.6954 0.00000 0
90 -47.6894 15.477 26.973 0.250 -12.8035 -316.05 130.505 3.97818 24.5191 0
91 -55.1216 14.331 18.600 0.875 -12.2413 -160.221 75.6941 5.02303 9.25052 0
92 -40.5916 14.258 24.451 0.500 -5.68617 -418.051 96.8268 6.60776 27.216 0
93 -53.7507 15.651 27.215 0.250 -10.0661 -272.413 114.898 4.09406 23.7671 0
94 -36.8020 15.130 22.490 0.500 -14.0696 -109.893 94.7044 4.67646 13.0253 0
95 -38.7829 16.573 32.431 0.000 -17.9811 -162.742 119.957 4.49783 30.5923 0
96 -42.5477 15.395 24.979 0.250 -13.5535 -228.488 98.1523 4.81861 18.4939 0
97 -44.2758 14.250 19.280 0.500 -18.2604 -255.21 131.361 5.21568 27.4132 0
98 -41.1633 15.726 27.330 0.250 -13.7298 -220.807 55.3058 6.38648 29.4707 3
99 -43.5533 16.541 29.751 0.000 -10.066 -51.8615 39.8437 4.17985 30.8767 0
100 -54.4293 14.147 17.419 0.875 -3.55754 -290.082 113.497 4.87765 6.37877 0
101 -56.4347 15.558 25.586 0.250 -9.96191 -188.611 88.7115 3.44764 28.502 0
102 -38.2781 15.990 30.707 0.125 -9.43179 -91.8007 138.83 3.24495 29.7068 0
103 -49.4594 15.766 27.341 0.125 -11.0091 -365.06 115.786 3.58777 25.6785 0
104 -44.6919 15.427 23.930 0.250 -13.0178 -231.97 152.673 5.41619 21.5552 0
105 -36.5929 15.095 25.432 0.500 -10.242 -145.994 85.3436 6.26688 28.9496 0
106 -58.9521 15.656 25.582 0.250 -16.7327 -234.38 98.7739 4.00973 19.2391 0
107 -62.8780 14.016 17.890 0.875 -11.0229 -309.306 103.4 5.63264 12.5711 1
108 -45.0120 14.123 19.467 0.375 -16.7022 -182.747 122.751 4.55055 17.461 0
109 -40.8412 15.618 27.075 0.125 -13.3836 -173.362 79.9978 6.12448 28.3436 0
110 -57.2913 15.283 24.201 0.125 -9.16573 -223.297 100.827 4.60697 16.3762 0
111 -38.3305 16.174 28.564 0.125 -15.7041 -131.552 137.968 3.31045 20.6777 0
112 -54.0376 15.505 27.021 0.250 -12.8139 -229.705 127.345 4.56477 16.2289 0
113 -43.9752 14.263 19.358 0.375 -11.1338 -323.24 132.43 4.22593 17.7381 0
114 -21.5974 15.339 25.888 0.375 -11.6434 -146.048 147.478 4.63656 19.0548 0
115 -37.9229 15.922 27.987 0.250 -14.6368 -228.45 126.824 3.36408 27.4186 0
116 -43.9043 14.358 22.704 0.625 -8.52533 -222.44 98.997 5.31062 19.4251 0
117 -46.5512 14.312 23.260 0.750 -7.65038 -189.149 68.4568 5.81079 26.7487 0
118 -23.7588 16.618 30.412 0.000 -9.6132 -108.46 39.2585 5.09357 20.3751 0
119 -41.8345 14.483 19.976 0.500 -20.6841 -162.479 93.2595 3.89374 19.8489 0
120 -41.2317 15.563 26.471 0.250 -10.5175 -213.06 98.0969 3.59566 24.4062 0
121 -45.4329 14.372 24.264 0.750 -9.39505 -217.877 154.487 5.21822 22.4308 0
122 -41.3944 16.035 28.243 0.125 -14.4032 -264.612 79.7873 5.58009 28.5954 0
123 -39.4637 15.481 25.949 0.250 -14.1224 -148.678 128.307 4.24898 21.593 0
124 -52.2315 14.312 19.495 0.625 -20.4691 -157.651 175.612 3.99964 17.0251 0
125 -42.4036 15.811 27.361 0.125 -10.6792 -277.541 151.877 3.56934 24.5446 0
126 -38.4738 14.400 20.510 0.625 -1.76091 -344.906 188.86 4.8225 19.836 0
127 -23.7176 16.901 32.177 0.000 -10.9624 -72.9315 45.7587 5.53887 31.5365 0
128 -39.1533 15.821 26.624 0.375 -12.1839 -246.263 85.0712 6.22731 16.6148 0
129 -52.1322 15.803 27.682 0.250 -10.5452 -309.699 105.725 2.94988 24.3387 0
130 -51.1450 14.067 15.662 1.000 -6.94742 -292.338 117.657 5.02247 3.32625 0
131 -44.8501 14.792 20.690 0.375 -5.01666 -294.561 50.5335 4.7238 27.4913 0
132 -49.8992 13.827 21.843 0.875 -12.1648 -210.614 135.013 5.21578 21.0319 0
133 -40.1479 15.396 25.052 0.250 -15.5123 -263.72 161.983 4.79919 22.9284 0
134 -36.7226 15.758 27.277 0.250 -16.0905 -229.862 68.7457 6.30489 29.0824 3
135 -42.1289 15.463 26.448 0.250 -16.5303 -243.545 86.9918 6.32902 17.2206 0
136 -47.6263 15.812 27.020 0.125 -11.1888 -158.825 73.7063 4.8357 29.6534 0
137 -38.8318 15.695 25.113 0.125 -14.3791 -282.682 162.482 3.95913 22.0574 0
138 -51.0042 16.079 28.809 0.125 -17.4933 -132.714 101.004 3.22649 22.2732 0
139 -51.5617 14.297 16.655 0.875 -6.70877 -270.445 141.311 4.3289 4.30129 0
140 -45.1437 14.374 22.266 0.750 -10.4807 -230.142 100.726 5.53954 18.7339 0
141 -32.3415 17.022 31.975 0.000 -10.4368 -80.5338 43.8675 5.1757 22.3562 0
142 -42.4461 15.719 27.182 0.250 -12.1202 -188.268 66.1684 4.51348 29.3942 0
143 -47.8919 13.927 22.672 0.750 -12.4199 -210.94 99.7862 6.80286 26.3268 0
144 -29.1518 17.086 31.981 0.000 -11.8542 -107.811 48.7526 3.80882 22.7929 0
145 -38.1906 16.210 27.409 0.125 -14.3674 -221.025 94.1746 3.3653 22.9229 0
146 -42.0561 15.119 23.254 0.375 -7.3668 -193.4 120.858 4.75602 15.6698 0
147 -50.7813 15.577 27.237 0.250 -14.2227 -236.178 133.841 5.58015 20.393 0
148 -39.9322 14.200 15.649 0.875 -5.29303 -277.892 122.55 4.74448 2.32083 2
149 -49.0780 15.650 24.762 0.250 -13.7986 -298.468 137.514 4.35217 21.8206 0
150 -32.3026 16.814 30.639 0.000 -2.7232 -264.081 78.8872 4.50259 28.1307 0
151 -37.4144 15.141 22.933 0.500 -12.2491 -207.808 125.263 5.40085 12.9048 0
152 -35.0075 16.019 28.496 0.250 -12.705 -87.9406 39.4094 5.33134 30.009 0
153 -34.2758 15.628 27.572 0.125 -12.6033 -244.668 163.496 5.19079 18.3812 0
154 -43.0186 15.337 23.637 0.250 -12.0209 -293.35 124.137 4.80303 14.9318 0
155 -37.5317 15.075 23.100 0.375 -14.3383 -213.781 120.941 4.65062 13.0428 0
156 -42.8248 14.457 24.255 0.750 -13.8397 -251.921 100.165 7.03649 26.0908 0
157 -43.9333 14.216 15.685 1.000 -6.88504 -297.748 129.243 4.84182 3.21236 0
158 -34.6649 16.758 30.751 0.000 -12.0455 -153.341 13.8488 4.64991 21.711 0
159 -33.0396 15.756 26.715 0.125 -10.4557 -135.117 93.2438 5.05416 28.8871 0
160 -46.3342 14.280 19.398 0.250 -19.9599 -295.086 191.092 3.98575 17.2185 0
161 -44.3478 15.654 24.878 0.250 -14.4766 -307.96 104.431 4.03258 22.5313 0
162 -51.1625 14.352 24.462 0.625 -8.42218 -185.684 111.012 6.40025 26.7002 0
163 -37.2898 15.315 23.493 0.375 -16.1909 -159.788 97.9916 4.70091 13.2868 0
164 -28.9195 15.637 28.027 0.375 -13.1372 -129.066 108.708 4.70646 19.2612 0
165 -42.6011 15.919 25.700 0.250 -13.4024 -172.123 131.042 2.44794 25.2117 0
166 -41.4112 15.647 25.454 0.250 -14.1667 -242.96 165.481 6.18276 21.1284 0
167 -51.3377 15.716 26.795 0.250 -14.9415 -267.203 69.9393 5.66921 16.3865 0
168 -43.0119 13.887 22.593 0.750 -9.33337 -197.158 104.139 6.84854 27.4642 0
169 -42.8844 15.527 25.365 0.250 -13.4413 -276.058 146.565 4.46723 23.7956 0
170 -51.1550 13.881 23.336 0.875 -3.216 -316.315 77.0954 6.45951 28.9873 0
171 -46.7156 16.301 32.216 0.125 -7.9807 -75.2433 125.25 2.95248 29.2692 0
172 -34.9975 15.430 26.514 0.250 -15.8539 -251.678 106.293 6.33492 17.8632 0
173 -52.1800 14.382 17.662 0.750 -6.7908 -300.678 117.776 4.34261 5.7563 0
174 -27.2534 15.766 28.850 0.250 -12.0734 -122.056 152.067 3.13268 30.6159 0
175 -50.2304 15.516 23.371 0.375 -8.60311 -290.569 121.499 3.51216 20.2162 0
176 -42.4629 15.809 27.314 0.125 -9.28664 -301.564 166.696 3.79767 23.7696 0
177 -42.0601 15.527 28.567 0.250 -16.2404 -172.609 109.743 4.44797 21.2461 0
178 -33.6520 15.537 25.164 0.250 -16.6383 -175.775 136.149 5.66745 21.3473 0
179 -25.2979 16.890 28.964 0.000 -11.7724 -82.7758 116.47 1.25544 25.2368 0
180 -32.7828 15.668 26.637 0.250 -12.6463 -227.472 122.033 6.04492 27.9195 0
181 -33.7982 15.493 25.814 0.250 -12.1598 -270.799 135.056 3.83969 23.8962 0
182 -25.3198 15.274 25.091 0.375 -12.7451 -137.343 151.661 5.04233 18.7568 0
183 -28.1431 15.884 26.535 0.250 3.80391 -266.875 185.998 1.91616 29.1308 0
184 -42.7070 14.279 16.704 0.750 -8.49316 -242.63 149.252 4.14504 24.205 0
185 -38.5889 15.651 27.221 0.250 -13.4458 -293.135 173.097 3.46733 23.6805 0
186 -43.7871 15.587 25.264 0.250 -8.51306 -151.348 101.134 3.90926 27.5571 0
187 -55.5439 13.701 20.936 0.625 -13.8996 -219.013 116.314 6.04956 29.4857 0
188 -43.3356 15.692 25.186 0.250 -9.32116 -309.785 157.255 4.30865 21.9368 0
189 -39.1293 15.991 27.229 0.000 -12.9862 -181.624 132.455 3.00299 24.2483 0
190 -34.2564 15.334 24.406 0.250 -18.5892 -209.024 117.379 5.0261 19.0613 0
191 -35.3106 14.394 22.157 0.875 -6.46021 -180.471 97.7497 5.41798 13.6997 0
192 -25.6446 16.556 29.803 0.000 -12.1847 -164.87 142.585 3.43789 24.1445 0
193 -27.5307 15.485 26.390 0.250 -13.8681 -101.679 114.141 4.27052 29.9974 0
194 -49.3168 13.775 16.108 0.750 -9.86071 -139.785 85.3034 6.03737 27.9991 0
195 -31.1704 15.696 27.821 0.250 -12.7372 -182.96 134.152 4.41271 17.1192 0
196 -39.2796 14.127 22.149 0.750 -10.3638 -156.791 149.865 5.59976 19.8497 0
197 -36.0619 15.514 26.433 0.250 -13.9038 -286.735 144.621 4.75733 25.3329 0
198 -39.6853 15.440 23.577 0.250 -10.7281 -296.753 125.963 3.88849 22.1949 0
199 -37.0527 15.832 27.611 0.250 -16.5772 -187.464 165.83 4.22154 17.7731 0
200 -41.5895 14.181 18.439 0.875 -3.44294 -298.739 137.602 5.68951 12.6798 0
