1 -72.5132 1.269 3.231 1.000 -7.864 -448.021 3.57315 3.96129 3.21343 1
2 -59.2512 1.120 3.162 1.000 -16.9919 -113.327 84.0502 4.86021 3.12255 1
3 -57.6808 1.302 4.364 0.778 -15.1085 -361.596 2.74596 5.21821 4.385 0
4 -61.9828 1.396 3.440 1.000 -14.8957 -350.202 2.42989 5.04668 3.27047 1
5 -55.6700 1.330 4.294 0.778 -15.2302 -331.416 2.83132 5.42543 4.23689 0
6 -59.1904 1.367 4.126 0.889 -17.7351 -253.258 7.26804 3.99524 4.097 2
7 -54.6383 6.401 24.943 0.000 -1.51983 -344.479 6.12324 2.70719 25.1412 0
8 -39.6525 5.546 21.100 0.000 -4.41626 -261.647 52.8592 4.09854 21.1548 0
9 -64.5592 5.449 21.348 0.111 -17.3028 -95.6344 42.7455 2.17743 21.4322 0
10 -64.1782 4.961 19.586 0.000 -19.1989 -82.2142 50.0526 3.51085 19.5437 0
11 -56.7901 3.729 14.098 0.222 -7.22607 -384.431 29.4834 3.88736 14.4058 0
12 -41.4865 1.337 3.990 1.000 -10.8841 -255.637 7.51206 5.92075 3.96679 4
13 -52.3605 1.211 3.400 1.000 -12.4754 -251.509 4.36645 4.39094 3.3933 0
14 -55.0636 6.384 24.772 0.000 -0.812409 -416.348 82.3749 3.84634 24.8952 0
15 -50.0165 5.769 22.801 0.000 -3.02196 -342.347 115.168 5.01506 22.6593 0
16 -67.4852 1.406 3.141 1.000 -9.79167 -500.924 66.9259 4.22183 3.13423 1
17 -53.8896 1.402 4.057 1.000 -22.1743 -274.966 12.881 5.45755 4.07752 0
18 -54.6474 1.622 4.849 1.000 -15.0003 -254.769 36.8901 4.13649 4.91987 0
19 -58.8058 1.560 4.665 1.000 -16.8443 -280.619 50.9414 4.30811 4.56758 2
20 -58.4601 4.906 19.115 0.111 -15.1406 -50.089 84.9124 1.86594 19.3356 0
21 -41.7241 4.757 18.598 0.222 -20.019 -148.536 55.0047 5.08846 18.5751 3
22 -56.7913 1.989 6.317 0.667 -14.0749 -143.289 8.71756 2.04214 6.57055 0
23 -56.4915 1.840 5.983 0.778 -6.54697 -258.014 48.003 5.24443 6.24229 0
24 -54.8126 6.105 24.125 0.000 -13.6814 -192.169 56.2442 2.86311 24.109 0
25 -40.5076 4.527 17.182 0.222 -10.5177 -247.382 115.995 5.2235 17.411 5
26 -56.7348 1.641 4.370 0.889 -18.5475 -296.701 60.3307 3.8845 4.37966 2
27 -66.2189 1.093 2.569 1.000 -11.6302 -535.093 47.7155 4.67181 2.59452 1
28 -37.4151 3.121 11.645 0.444 -10.3352 -155.221 45.5589 4.25902 11.9546 0
29 -59.1672 1.172 3.195 0.889 -14.6409 -218.105 49.6968 4.63966 3.31124 7
30 -59.6133 1.519 3.899 0.778 -9.02547 -483.973 66.1545 3.37946 3.86634 0
31 -51.8718 4.881 18.704 0.111 -20.9456 -161.98 92.6754 4.56964 18.8637 3
32 -62.0875 1.308 2.026 0.889 -19.1497 -324.288 57.2476 4.55329 2.04568 0
33 -48.4686 1.217 4.123 0.889 -20.1092 -289.837 63.0699 3.70689 4.06341 2
34 -45.7223 5.587 21.967 0.000 -16.9783 -96.6279 83.0917 3.09689 21.9149 0
35 -39.9619 3.893 14.517 0.333 -2.83344 -207.294 54.5044 5.29841 14.7894 0
36 -54.2478 1.325 1.753 0.889 -17.3349 -378.097 55.8759 4.68212 1.78125 0
37 -53.1420 1.680 5.293 0.667 -9.28872 -241.593 27.5302 3.70294 5.47908 0
38 -57.8972 1.613 4.028 0.778 -11.3728 -506.928 90.3107 2.8098 4.0012 0
39 -26.4701 4.711 17.659 0.111 -18.7602 -65.425 95.951 3.32559 17.8433 0
40 -57.8514 1.253 4.217 1.000 -20.6214 -290.883 66.5625 3.884 4.1569 2
41 -48.5306 4.947 19.301 0.111 -10.3464 -249.354 89.6422 4.57542 19.4289 3
42 -44.2185 1.505 4.176 1.000 -15.5125 -256.36 70.442 5.96615 4.19514 4
43 -44.1270 1.514 4.652 0.889 -15.0338 -193.887 33.3735 3.97816 4.8058 0
44 -46.4145 1.404 3.498 1.000 -13.1698 -246.099 54.6018 5.53449 3.50507 7
45 -58.7738 1.305 2.935 1.000 -13.7216 -396.391 54.2533 4.27047 2.95971 1
46 -61.7784 1.095 2.556 1.000 -10.3925 -508.261 65.0523 4.68963 2.51597 1
47 -61.3174 1.788 4.939 0.667 -2.66751 -452.706 33.3722 4.09102 4.78781 0
48 -49.3641 1.204 2.907 1.000 -16.2524 -273.969 90.6663 4.28565 2.84089 0
49 -45.9131 3.291 11.712 0.556 -13.2832 -207.987 50.5968 5.67767 11.7442 8
50 -49.6788 1.393 4.132 0.889 -18.7368 -256.253 101.93 3.11372 4.06735 2
51 -34.7770 3.523 14.160 0.556 -3.22199 -296.949 89.5628 5.38414 13.9574 10
52 -48.0227 5.405 20.836 0.111 -15.7526 -115.31 116.937 1.95867 20.9614 0
53 -45.5923 1.374 4.023 1.000 -14.5474 -263.269 69.891 5.83677 4.01574 4
54 -58.4235 4.992 19.927 0.222 -19.6945 -65.8207 105.66 3.95561 19.9039 3
55 -20.7160 3.444 12.835 0.556 -8.91818 -234.486 71.4901 5.63408 13.0908 0
56 -45.8378 5.130 19.668 0.111 -9.8048 -291.616 122.074 1.69273 19.8235 0
57 -63.3741 1.501 4.466 0.778 -12.6717 -459.44 61.7273 2.69724 4.39444 0
58 -42.7083 5.047 19.385 0.000 -15.5459 -255.352 135.998 4.56544 19.5813 3
59 -55.2829 3.602 13.546 0.667 -10.3593 -335.353 118.941 4.8401 13.2597 10
60 -53.3049 1.412 2.906 1.000 -10.8837 -413.825 98.4934 4.51622 3.02621 1
61 -49.6415 2.967 10.060 0.444 -15.9023 -204.403 51.6206 4.36433 10.2007 0
62 -48.1223 3.289 12.801 0.444 -12.1835 -165.198 44.9756 4.96475 13.0442 9
63 -43.1387 5.059 19.929 0.222 -18.3928 -71.5388 115.144 4.06369 20.0617 3
64 -53.7501 1.488 4.444 1.000 -13.4118 -263.774 72.3907 4.23719 4.61516 0
65 -41.1698 3.496 13.225 0.667 -13.7195 -212.832 42.2109 4.82297 13.2089 6
66 -48.6300 4.428 17.396 0.222 -9.11789 -338.391 149.555 5.2105 17.5134 0
67 -52.1955 3.651 13.704 0.556 -15.6831 -212.756 48.5197 4.00947 13.6294 6
68 -51.2756 1.312 3.056 0.889 -15.4804 -195.884 83.7564 3.97661 2.88661 0
69 -41.7121 1.283 2.917 1.000 -14.2444 -445.672 103.263 4.88295 2.79895 1
70 -47.1771 3.497 13.197 0.778 -13.4579 -271.747 48.3571 5.41459 13.0627 0
71 -57.0688 3.330 12.424 0.444 -20.3589 -227.029 104.362 5.59207 12.5156 9
72 -51.3553 1.108 2.709 1.000 -15.8317 -421.026 66.1255 5.73677 2.65236 1
73 -63.1616 1.403 4.235 0.889 -17.1429 -251.701 59.7685 5.68649 4.28925 4
74 -43.3454 3.442 12.647 0.444 -12.3487 -121.17 96.1392 4.48079 12.8688 8
75 -37.0410 3.214 11.917 0.556 -13.0261 -60.8426 70.0777 2.39693 12.1694 0
76 -48.2493 3.276 11.982 0.778 -9.42701 -263.042 85.9527 3.695 12.0005 0
77 -42.8149 3.668 13.835 0.556 -5.83908 -239.513 121.531 4.48049 13.8107 10
78 -49.3079 3.714 14.852 0.333 3.02989 -394.25 4.56776 4.10411 14.7234 0
79 -75.2985 0.000 0.000 1.000 -18.7266 -315.176 62.0419 4.45625 0.00000 0
80 -41.4322 4.460 17.112 0.222 -15.3963 -145.119 167.914 3.88372 17.3764 5
81 -51.7260 3.423 12.905 0.444 -10.2374 -236.412 46.8048 5.58686 12.7536 0
82 -43.0782 3.167 11.882 0.333 1.35805 -362.835 2.31841 4.47243 12.2495 0
83 -58.1171 1.362 2.680 1.000 -8.42023 -504.269 95.4302 4.99866 2.55376 1
84 -55.1908 3.665 13.945 0.444 -8.55035 -199.203 3.35579 1.53716 14.1012 0
85 -44.9220 5.337 21.061 0.000 -10.7937 -35.9372 137.02 3.56812 21.2258 0
86 -35.1640 3.559 13.667 0.667 -14.1053 -150.031 119.12 3.10432 13.695 0
87 -60.8282 3.375 12.459 0.667 -16.3099 -223.044 78.2192 4.51065 12.4492 0
88 -39.2982 2.457 8.338 0.556 -14.3953 -109.594 82.4756 3.95821 8.62289 0
89 -62.0506 1.048 2.555 1.000 -15.0206 -490.296 62.6972 5.54399 2.59709 1
90 -30.0469 5.313 20.469 0.000 -13.0006 -251.713 131.193 4.7017 20.7549 0
91 -28.5139 4.886 19.276 0.111 -12.6808 -61.9555 117.047 4.52977 19.3835 3
92 -41.7769 3.583 13.799 0.667 -8.02078 -303.48 126.837 4.88646 13.5391 10
93 -47.7969 2.025 7.110 0.667 -15.8881 -175.502 56.4882 4.02678 7.33928 0
94 -47.4525 3.614 13.801 0.667 -13.4716 -184.357 54.5002 4.33481 13.6008 6
95 -38.1113 4.959 19.348 0.111 -22.034 -170.672 139.457 4.57418 19.4362 3
96 -44.3882 3.436 12.693 0.333 -20.5963 -203.387 135.28 4.28673 12.8863 9
97 -57.2745 1.435 4.067 1.000 -14.7029 -222.596 83.7535 5.2933 4.09573 4
98 -64.9288 3.617 13.970 0.556 -8.65115 -234.025 49.6034 5.13254 13.8346 0
99 -36.7566 3.782 15.025 0.556 -2.39968 -322.826 73.2889 4.95932 14.8053 0
100 -46.9462 3.841 14.874 0.222 -4.96017 -259.023 125.749 4.7426 14.7767 0
101 -42.5415 1.706 4.486 0.778 -5.6049 -487.431 96.5257 2.63547 4.38927 0
102 -58.6500 1.233 3.241 0.889 -13.9553 -312.994 95.1135 4.54156 3.27196 0
103 -48.2565 4.284 16.438 0.111 -15.2124 -227.737 61.8158 2.71663 16.6779 0
104 -31.3916 3.689 14.310 0.667 -12.6753 -243.393 72.4029 6.51475 14.1647 0
105 -60.0852 1.770 4.979 0.889 -16.2496 -370.786 106.732 3.81503 4.92176 2
106 -47.7789 4.207 16.290 0.333 -13.2973 -216.982 151.177 5.07166 16.4179 5
107 -44.7564 3.794 14.805 0.444 -11.2665 -219.54 78.5313 5.06914 14.7648 0
108 -62.9317 1.458 4.720 0.889 -14.5336 -331.17 86.8542 4.08843 4.90842 0
109 -37.7666 3.451 12.468 0.556 -10.275 -154.355 104.997 4.8513 12.7037 8
110 -31.6643 4.654 17.697 0.111 -3.90198 -416.009 163.602 4.13606 17.7254 0
111 -41.9846 3.192 12.799 0.222 -16.5276 -172.577 53.586 2.08564 12.7082 0
112 -58.4018 2.321 8.274 0.556 -8.64016 -86.5654 86.2174 3.5045 8.42808 0
113 -48.9313 1.475 3.995 1.000 -15.846 -237.61 64.8248 6.19859 4.00687 4
114 -44.6929 3.521 13.257 0.333 -14.4967 -201.613 101.266 4.02047 13.567 0
115 -45.1984 5.322 20.839 0.111 -16.9212 -155.75 145.997 2.47432 21.0136 0
116 -42.6504 3.862 14.497 0.333 -2.38817 -285.493 84.978 4.03289 14.7478 0
117 -34.5169 4.423 17.093 0.222 -17.7881 -192.79 171.227 4.27639 17.1461 5
118 -56.8541 6.701 26.098 0.000 5.00812 -507.205 57.5127 5.27293 26.39 0
119 -46.3421 3.418 13.086 0.667 -16.6655 -262.774 49.541 5.67319 13.001 0
120 -52.9180 3.168 12.206 0.778 -13.3067 -242.193 114.984 3.63315 12.1125 0
121 -50.4971 3.765 14.881 0.444 -7.55859 -179.701 82.7472 3.42431 14.675 0
122 -52.2369 1.283 2.920 1.000 -15.5524 -354.788 78.0349 4.89193 3.00219 1
123 -56.2097 1.269 4.056 1.000 -11.0823 -362.312 103.172 4.89339 4.16628 0
124 -50.0843 3.385 12.485 0.778 -12.6586 -172.296 52.4824 4.86899 12.4716 0
125 -46.8169 3.405 13.217 0.667 -12.5589 -164.437 83.6614 2.99543 13.1452 0
126 -38.8498 3.696 14.197 0.444 -11.3959 -105.427 114.835 3.63456 14.2478 0
127 -50.8900 1.113 2.830 1.000 -17.6897 -251.9 69.0148 3.92228 2.73078 0
128 -68.0035 1.275 3.036 1.000 -12.1518 -535.619 79.075 5.03419 2.94585 1
129 -51.1303 1.114 2.765 1.000 -14.9841 -387.399 77.3709 5.0187 2.8714 1
130 -57.1608 1.175 2.552 1.000 -13.4088 -512.213 82.3244 4.82495 2.53803 1
131 -49.0155 3.174 11.501 0.778 -15.3308 -280.557 42.2192 3.96431 11.5456 0
132 -45.4993 1.458 4.236 0.778 -17.5627 -299.1 136.401 3.01323 4.23215 2
133 -45.8842 6.705 26.403 0.000 -4.69432 -195.046 81.0263 3.47594 26.7656 0
134 -33.4574 5.116 19.861 0.111 -8.94375 -123.125 138.005 1.93927 20.025 0
135 -42.8278 3.720 14.167 0.556 -14.5228 -82.9905 83.6399 5.14485 13.9889 0
136 -53.8730 3.383 12.708 0.667 -12.0695 -244.659 50.8392 5.27562 12.6519 0
137 -34.0374 3.280 11.958 0.444 -19.0606 -208.572 98.3286 4.78699 12.2215 0
138 -47.4236 0.980 3.045 1.000 -12.3625 -247.401 86.2359 5.5011 3.06556 7
139 -62.8315 3.639 14.839 0.222 -13.191 -245.168 38.6143 5.06398 14.9323 0
140 -32.3745 3.612 13.789 0.444 -3.32134 -158.426 110.377 4.32766 14.0207 0
141 -32.9967 3.518 13.751 0.556 -7.42623 -164.391 160.849 3.83852 13.5744 0
142 -33.6609 3.838 14.859 0.222 -6.02773 -406.562 138.536 3.67362 14.8783 0
143 -43.3732 3.370 12.372 0.778 -10.667 -242.985 98.927 3.44054 12.4935 0
144 -50.0930 1.536 4.516 0.889 -19.615 -343.217 142.311 3.96146 4.42646 2
145 -53.8023 3.966 15.434 0.000 -13.5989 -250.11 87.6069 5.47582 15.4914 0
146 -56.4036 2.163 7.075 0.667 -16.3011 -176.632 77.5617 2.5381 7.43278 0
147 -37.3741 4.031 14.952 0.222 -6.35956 -385.41 134.945 3.81984 15.2535 0
148 -49.2154 4.211 16.328 0.333 -0.777127 -328.715 119.726 3.59379 16.5813 0
149 -59.6713 4.173 16.308 0.000 -2.56171 -437.71 109.516 3.46021 16.353 0
150 -37.3575 3.831 14.813 0.444 -8.09665 -79.9864 123.519 4.04315 14.5026 0
151 -49.3658 1.669 4.771 0.778 -18.4767 -273.897 119.078 3.83448 4.70607 2
152 -28.1063 4.955 19.197 0.111 -17.4796 -88.0399 135.815 4.90667 19.27 3
153 -52.1895 4.336 16.963 0.222 1.79994 -496.109 129.856 4.40013 17.0644 0
154 -56.1460 1.865 6.196 0.889 -12.6408 -223.189 82.0794 4.66411 6.41426 0
155 -41.1313 3.475 13.140 0.444 -12.0728 -180.16 132.28 4.88625 13.3112 8
156 -44.7755 3.349 12.280 0.778 -14.6132 -234.543 56.0296 5.17805 12.189 0
157 -42.0494 3.311 12.628 0.778 -12.8975 -196.387 87.6036 4.10303 12.4042 0
158 -39.5666 3.430 12.501 0.667 -9.38169 -215.511 123.279 4.65032 12.5869 0
159 -49.4053 1.283 2.965 1.000 -18.2042 -473.27 113.495 5.19858 3.01906 1
160 -30.9815 5.024 19.315 0.111 -17.9504 -69.3547 151.745 4.14927 19.5696 3
161 -61.8530 3.926 15.872 0.444 -2.35046 -495.81 121.003 4.93391 15.6323 0
162 -45.8015 3.747 14.852 0.444 -3.15575 -308.263 112.973 3.27063 14.7634 0
163 -34.7718 3.452 13.164 0.778 -16.2546 -193.262 47.3844 5.77398 13.031 0
164 -51.6714 3.328 12.239 0.778 -9.04153 -338.055 33.3861 4.2288 12.241 0
165 -57.6900 5.774 23.211 0.000 4.40572 -345.115 138.965 4.37915 23.1546 0
166 -35.0813 1.144 2.923 1.000 -11.578 -223.325 124.268 6.2356 3.01505 7
167 -38.4067 1.335 2.927 1.000 -13.964 -340.375 122.124 4.67214 3.02075 7
168 -47.1535 1.410 4.078 0.778 -13.8053 -484.171 140.196 3.26792 4.01567 0
169 -25.4063 3.303 12.148 0.556 -10.4265 -219.426 120.058 5.51217 12.3358 8
170 -48.2530 1.399 4.200 0.889 -18.5546 -182.749 101.164 5.24367 4.35003 4
171 -46.1704 3.562 12.718 0.778 -7.21135 -246.456 83.4859 4.57416 12.6423 0
172 -38.3174 3.477 12.690 0.778 -16.8186 -201.727 96.1335 5.35456 12.5835 6
173 -37.1206 3.744 14.240 0.667 -11.7725 -223.642 154.647 4.45669 14.0638 0
174 -40.5725 3.645 14.099 0.444 -12.844 -64.3553 49.8987 5.56217 14.0896 0
175 -62.1174 3.686 14.328 0.778 -11.5292 -276.531 54.7793 5.09305 14.1219 0
176 -46.3832 3.890 15.870 0.444 -0.20776 -463.976 115.629 4.48079 15.6857 0
177 -52.9595 3.934 15.765 0.556 2.19818 -473.042 129.918 4.76581 15.5079 0
178 -51.4426 1.419 3.255 1.000 -8.88647 -442.199 79.1184 4.50104 3.35051 1
179 -33.7071 1.278 2.456 0.889 -12.5524 -321.957 112.972 5.56957 2.38386 1
180 -39.8482 3.779 14.653 0.333 -10.1582 -143.079 132.459 3.95146 14.9734 0
181 -51.6045 3.852 15.032 0.444 -7.52701 -185.828 75.9016 4.32603 15.2398 0
182 -31.1070 4.463 17.154 0.111 -23.1296 -130.865 138.17 3.47304 17.2027 0
183 -40.5962 1.278 4.002 0.889 -16.6075 -276.486 114.667 3.18731 3.97672 2
184 -32.1645 4.915 18.964 0.111 -14.8419 -132.04 150.508 4.16691 19.1027 3
185 -62.1645 3.247 11.739 0.889 -15.3227 -273.915 62.474 4.49136 11.7658 0
186 -55.9523 1.560 4.547 1.000 -18.5685 -231.066 103.368 5.592 4.62935 0
187 -36.0125 3.831 14.592 0.556 -8.46303 -47.2962 88.7181 2.13827 14.5874 0
188 -31.9195 3.240 12.355 0.778 -11.3967 -249.35 137.805 3.88083 12.2593 0
189 -43.2960 3.529 13.306 0.556 -11.551 -196.487 75.734 5.95902 13.3085 0
190 -43.6742 3.607 13.405 0.556 -15.3344 -206.338 91.004 4.49774 13.3078 6
191 -54.8061 1.631 4.419 1.000 -20.5059 -320.344 137.94 4.00927 4.38644 2
192 -45.3225 3.616 14.233 0.667 -5.8553 -354.747 119.642 4.98967 13.9842 0
193 -28.4615 4.291 16.460 0.333 -10.3179 -277.93 175.618 5.34127 16.5573 5
194 -29.0588 4.177 16.247 0.333 -12.0453 -248.576 166.475 4.54466 16.2438 5
195 -53.4391 1.552 4.120 0.889 -20.1931 -266.622 119.991 3.52185 4.102 2
196 -29.9301 3.586 13.648 0.556 -7.64907 -193.989 197.377 5.25652 13.5801 0
197 -39.6261 1.344 2.995 1.000 -9.9399 -461.54 94.4099 3.94253 3.07375 1
198 -46.2388 3.385 12.708 0.444 -16.5972 -136.656 119.296 5.53391 12.8973 9
199 -48.5754 1.517 5.069 1.000 -16.9919 -113.327 84.0502 4.86021 5.01793 0
200 -35.8696 2.506 8.758 0.556 -10.9107 -88.9021 110.581 3.39835 9.02191 0
